2.666213074070490907e-01
1.532436217947350798e-01
6.211866800981787895e-01
3.258841155877094109e-01
3.131308696649262036e-01
1.442323049023279680e-01
4.204913417058574465e-01
5.310694551276936570e-01
5.575537119530169505e-01
5.827979468580123390e-01
3.294625278401045465e-01
4.746055443292119258e-01
5.541607103673454882e-01
5.675098162746108343e-01
3.790235393517213947e-01
2.071579302549633184e-01
1.804775411940174601e-01
2.790737453928486267e-01
2.171393854219683672e-01
4.857958491426218051e-01
3.210312147386779058e-01
1.436783229996299038e-01
4.688775742866848617e-01
5.669548397114635430e-01
4.808968095717147118e-01
5.657112510297318542e-01
5.437818753602583488e-01
2.549754102888109331e-01
3.154349747861466269e-01
3.047139741270579183e-01
6.699281271843731123e-01
2.545785412615143017e-01
4.674423691863533459e-01
5.677446138908565088e-01
3.537538498532764586e-01
4.525867875591829126e-01
4.570416376088746735e-01
2.521835305904812086e-01
1.758017512930449833e-01
4.705493917049332064e-01
4.462663593081614977e-01
2.213763288461942647e-01
4.482294173396962900e-01
3.440859473282663616e-01
3.063685216049725768e-01
1.828629931242367890e-01
8.190277657134651390e-01
3.267367094399368233e-01
7.401204068434887873e-01
5.471892039056398538e-01
4.506115285538192516e-01
6.602573213373459371e-01
3.185078044479958126e-01
5.066059168131148427e-01
5.725252346594598141e-01
5.301301590125108154e-01
8.618290542681721345e-01
3.549329568825388970e-01
3.908467298208451735e-01
3.448932588775038277e-01
5.222523443989245395e-01
6.702502602816856614e-01
6.313838768331981877e-01
5.747679297889366490e-01
4.014616005844469648e-01
5.154717264506999408e-01
5.552711666041156846e-01
3.847989370794381858e-01
4.008311592558566061e-01
5.163399883028700899e-01
5.040226878170029901e-01
4.781634955794679120e-01
2.110414568909693700e-01
8.120599986047460916e-01
8.271312344124548410e-01
6.871304120015502281e-01
5.717632236988082761e-01
4.557702378612266680e-01
4.005605494011108547e-01
3.917167782854002467e-01
6.216039117535807623e-01
2.054098870008347899e-01
6.363122270881266251e-01
5.070551073667445285e-01
1.234530125258240935e-01
4.118353886056990709e-01
3.538698558582251130e-01
5.360646131454374075e-01
7.120511992940763424e-01
4.346411790806783415e-01
4.420113698741796049e-01
4.742423109288606553e-01
4.009373364287506791e-01
7.334842963472677502e-01
2.503066227101587993e-01
3.703487182604028871e-01
6.009103599390642758e-01
5.398680514984460777e-01
1.057412910082875246e-01
3.144086051984996688e-01
