4.155877411733145399e-01
7.059632455604458734e-01
4.506194360234276330e-01
3.247682623482894826e-01
3.707170924716772231e-01
7.204730711874132165e-01
4.977064924164109061e-01
4.553252329659273068e-01
-9.555892931615717067e-02
8.875879941695066222e-01
5.974288063587939179e-01
5.847860377525114783e-01
7.533899192621904550e-01
6.152585389662574844e-01
4.324974986737484817e-01
4.572650977446261478e-01
6.307165694612839602e-01
5.270677576444616763e-01
4.104532985594074868e-01
8.204466114498636387e-01
5.319867025557704077e-01
7.347967085949587140e-01
4.215098610179255356e-01
6.453537460003498927e-01
6.110506177745691492e-01
6.805688845293823563e-01
2.542759120672656303e-01
-9.126676509965458983e-02
4.322720114356062293e-01
6.854492506677629660e-01
4.200442773719983980e-01
2.018404259196851513e-01
3.612662204795611953e-01
5.373910845268453640e-01
5.542195265529190618e-01
5.713011856412878453e-01
3.828597130726052455e-01
3.514760234272270578e-01
5.145062682644941932e-01
5.265124774228047144e-01
5.237945051070053148e-01
6.498943204688814035e-01
5.220627674719435785e-01
1.415316976666468385e+00
2.389100393785130727e-01
5.670331308786896729e-01
4.460283203820457620e-01
6.283001244988600797e-01
1.252681785571556627e-01
7.761888098493829879e-01
3.854160647220414848e-01
3.464659507131128136e-01
4.574215065314610196e-01
3.034673710938907143e-01
1.312342780393382369e-01
3.785535237715680901e-01
4.769895874945348502e-01
4.983913911005731223e-01
9.361756732820641913e-01
3.066157829490429032e-01
4.147590905888590140e-01
4.538773119530597477e-01
5.853513088042200385e-02
3.084845380228051770e-01
5.605929369795008554e-01
8.537839277115983894e-01
3.902998930283314571e-01
4.579251142239128547e-01
7.725135471973644252e-01
5.396021870712761626e-01
1.050496163745846978e+00
3.543401371793708510e-01
3.463308543615433166e-01
3.614150097481407253e-01
4.928717135060451948e-01
1.765717983181334660e-01
6.095021968901940257e-01
5.178838818337498928e-01
4.733540913151490503e-01
2.073173456667782855e-01
4.670533376404606973e-01
4.770420092605274220e-01
1.696595355240518299e-01
4.851563076308447187e-01
2.442620297718677280e-01
4.124331655784659878e-01
5.788145008197644881e-01
3.529522129322865132e-01
3.871766805228363251e-01
5.854675105345243935e-01
4.361834309394182485e-01
2.913259229559800323e-01
4.301389409641371842e-01
1.866868154395752155e-01
4.148674733698912709e-01
4.650648325686644879e-01
4.706382572505632411e-01
4.442806509472496113e-01
5.005360934342456547e-01
2.846893763562469704e-01
