1.083150908840984306e+00
6.859436425590317299e-01
2.601278655426009223e-01
9.441034240456467330e-01
6.190056269818472456e-01
3.292766727391537307e-01
3.117180546406722041e-01
7.126197948608079535e-01
4.689566701539900628e-01
5.424008500906342123e-01
4.336343200570078604e-01
2.378328632296186906e-01
4.731479551613888002e-01
2.356417608630735350e-01
3.136261907920700476e-01
4.516384468305463251e-01
3.704633665561023470e-01
3.517907591807595269e-01
5.798167234333410081e-01
5.099367812639246100e-01
2.445190484029232947e-01
4.576963045668675512e-01
3.279929175134484454e-01
6.913910780958495428e-01
5.318727103231576381e-01
6.822307190588210446e-01
4.204152311115393892e-01
7.286128476434172718e-01
4.453149474598322999e-01
3.604122053809917237e-01
8.403962178664974303e-01
3.954242630794065905e-01
2.582725957949298934e-01
7.677421302734783737e-01
4.942623661980056760e-01
9.748770066348486640e-01
4.187018924361495809e-01
3.417924839827825578e-01
4.238420838575995830e-01
2.526751520491862246e-01
7.944077479325890589e-01
5.356746043085994780e-01
3.507651424558327902e-01
2.637023339021422053e-01
1.691138501579435016e-01
4.554481569418112885e-01
7.170351734513416009e-01
4.344996592746029340e-01
4.172457660464649054e-01
3.648405437183521172e-01
3.216756720302346162e-01
2.082201505586904478e-01
9.247988377898402890e-01
2.963953298967877958e-01
9.486285537213755559e-01
1.752918673502254776e-01
2.779960339513487533e-01
4.150846996589544480e-01
5.316574774359283939e-01
4.205667906449033766e-01
1.033267617955829554e+00
5.417149299843061483e-01
3.319022745473334535e-01
4.922201482822092244e-01
5.751861093085831600e-01
4.273274090269534309e-01
3.703771996656429755e-01
8.207179788666330023e-01
4.445082586270483471e-01
5.533220838196100111e-01
4.612236427589181398e-01
9.117943270534295541e-01
3.281405369655594484e-01
6.699943675706963031e-01
3.766510133189926446e-01
5.189732185303291834e-01
5.017598984805295981e-01
2.788508387542136813e-01
3.250202988097598000e-01
6.547415989738079034e-01
5.056027891327334878e-01
3.099999294380746395e-01
4.741968154710153316e-01
5.868742211970147116e-01
4.368069088903280273e-01
4.764549111245534596e-01
4.867106583650364637e-01
8.429298995173608589e-01
4.110341471595253537e-01
2.238042787843597115e-01
3.722207080692353509e-01
6.128922419532041310e-01
5.515987694252734164e-01
2.821900965500435121e-01
4.177761191688290632e-01
5.703650050770093793e-01
6.112632472917141069e-01
5.506904654620156103e-01
2.322889966245643700e-01
6.940995859927550082e-01
