3.565108693995177447e+01
3.529872518944558379e+01
3.443835071544512516e+01
3.472751070837067289e+01
3.514256678161115843e+01
3.482814953453599571e+01
3.560898762952971452e+01
3.482814953453599571e+01
3.594440151122285698e+01
3.549647869859769855e+01
3.560898762952971452e+01
3.485685011586674875e+01
3.527038417709679408e+01
3.517101079013794873e+01
3.531288716601915212e+01
3.497141690009141968e+01
3.528455752875470353e+01
3.484250278036869020e+01
3.528455752875470353e+01
3.474190553208041621e+01
3.400000000000000000e+01
3.509985754956849036e+01
3.487119154832539181e+01
3.594440151122285698e+01
3.545419580247167346e+01
3.525620512760838920e+01
3.581898937714463216e+01
3.505709628591620941e+01
3.501428280002319582e+01
3.477067730142741908e+01
3.586084215408221354e+01
3.522782990761707111e+01
3.538361202590826338e+01
3.448187929913333249e+01
3.451086785347479235e+01
3.489985673323029403e+01
3.593048844644336270e+01
3.462657938636156985e+01
3.482814953453599571e+01
3.580502757993631491e+01
3.566510900025401298e+01
3.500000000000000000e+01
3.464101615137754919e+01
3.456877203488721051e+01
3.500000000000000000e+01
3.558089374931439153e+01
3.492849839314595783e+01
3.539774004085571590e+01
3.489985673323029403e+01
3.500000000000000000e+01
