1.485639392250213930e+01
1.392367892699693677e+01
1.289444145447350287e+01
1.446152110544813318e+01
1.465415285773079468e+01
1.440410469719910225e+01
1.512516791295530361e+01
1.504087394035299141e+01
1.470175217976289161e+01
1.544568970303502908e+01
1.150307192812136137e+01
1.410568414993442765e+01
1.468689009156562442e+01
1.354937263143932036e+01
1.493880706552307558e+01
1.683823981415950755e+01
1.399912041381234928e+01
1.423819191829272057e+01
1.417867235507434387e+01
1.327171636841311653e+01
1.565828486991394719e+01
1.316954732229170055e+01
1.563713300001895057e+01
1.560184733271396418e+01
1.393673335385200041e+01
1.590160710937545296e+01
1.554229062637579339e+01
1.492917142273621067e+01
1.281941445108488509e+01
1.488725074325267350e+01
1.307562032191925994e+01
1.373873365802154822e+01
1.606749325056200917e+01
1.678688058336587119e+01
1.659133840108363955e+01
1.401878858876585987e+01
1.335235281395565465e+01
1.713599795028927275e+01
1.722869544631700123e+01
1.347915219747530102e+01
1.350044018138960666e+01
1.333914081331453438e+01
1.241751502205777946e+01
1.219982601023430036e+01
1.519539581613685364e+01
1.526423143203042621e+01
1.459906750995043900e+01
1.192426176075448652e+01
1.554592413798809503e+01
1.367097379625223752e+01
1.419516889936856074e+01
1.623497295558695086e+01
1.502976199138496227e+01
1.424754856978855777e+01
1.530016224417295945e+01
1.293542446006210689e+01
1.241337268749489908e+01
1.513370444129640902e+01
1.410475164009077886e+01
1.461067465241847430e+01
1.194551075927770967e+01
1.291362337978084796e+01
1.422203865109131193e+01
1.263718834674495994e+01
1.463440316304714273e+01
1.330783685768672697e+01
1.506405239290134190e+01
1.515703880803874704e+01
1.611200286850876751e+01
1.422796581556098694e+01
1.382458082690515333e+01
1.641084329836676048e+01
1.440187054636339248e+01
1.388851268768982905e+01
1.427993318578903192e+01
1.500835295829646299e+01
1.403631046929301718e+01
1.419815359196267401e+01
1.358069748942303256e+01
1.700188680025476273e+01
1.603104004488486467e+01
1.436938768223886242e+01
1.227430672181354154e+01
1.462802248696133489e+01
1.424890244523056104e+01
1.536926452324374992e+01
1.358910258005932370e+01
1.242992568453944457e+01
1.480653456847544192e+01
1.789473074337687919e+01
1.269169965036846826e+01
1.575516945057947815e+01
1.371114570606770222e+01
1.476622353218842854e+01
1.591747382249808140e+01
1.389594171591939720e+01
1.605362240998742962e+01
1.401628993191406813e+01
1.346946450496936087e+01
1.517356547962342894e+01
1.407852735221470475e+01
1.515879583044692502e+01
1.547416591538766895e+01
1.497041408399074314e+01
1.330400639948279995e+01
1.242393386252881982e+01
1.544936730216669751e+01
1.530677382223847616e+01
1.343728168442856408e+01
1.498500071562266811e+01
1.511927055279960719e+01
1.502117787655761383e+01
1.386450723591170231e+01
1.311993216826032338e+01
1.330357988995392127e+01
1.374210351716316048e+01
1.494562656889011620e+01
1.579739657072601311e+01
1.658460977198249253e+01
1.176119071908892089e+01
1.629437342071671324e+01
1.443766231572971748e+01
1.528440136596561949e+01
1.569595202768393705e+01
1.479228793872994352e+01
1.488604640353353759e+01
1.486291571495853603e+01
1.487047490285955575e+01
1.558846324812685680e+01
1.345755266078767676e+01
1.602577350880863705e+01
1.299026824090163323e+01
1.517690782351582435e+01
1.599104025653048211e+01
1.499187574155653557e+01
1.397642728215419616e+01
1.438202366836702240e+01
1.518635996770067997e+01
1.099330790654048684e+01
1.442393489562467579e+01
1.534390693388444227e+01
1.467037220730315639e+01
1.470437356567618181e+01
1.401497019251118559e+01
1.552566441440283285e+01
1.456129494045697115e+01
1.581830502315355425e+01
1.316395780368746316e+01
1.511091462675203623e+01
1.346397527818836970e+01
1.678157523245473470e+01
1.619567332836638585e+01
1.514441040992509535e+01
1.557952557590210674e+01
1.687213530328374134e+01
1.257235784830389136e+01
1.548501318064473686e+01
1.632967382441062654e+01
1.651189931803472177e+01
1.351755565043851703e+01
1.402061991555599363e+01
1.481735099033235947e+01
1.402080233982961310e+01
1.500137750908727163e+01
1.232779604529036632e+01
1.547340153843266464e+01
1.483986700489435151e+01
1.615180680576706251e+01
1.683487192751668005e+01
1.467478101862388229e+01
1.360235663718636978e+01
1.372957998620838538e+01
1.225844262795361139e+01
1.551673809622391786e+01
1.199175543265981325e+01
1.431682174879356850e+01
1.306345264826407693e+01
1.433962749666336833e+01
1.362153723165107166e+01
1.287868940051427025e+01
1.516009667761395718e+01
1.643522085999697779e+01
1.358639526541852582e+01
1.515372683150146926e+01
1.411909576581336800e+01
1.419422590673592843e+01
1.428392367151262476e+01
1.509436882695585247e+01
1.428098994917491460e+01
1.175895075845900273e+01
1.196004122785525503e+01
1.561242592595903922e+01
1.317204310178508919e+01
1.506057473301768646e+01
1.484274967936633693e+01
1.407026060603492823e+01
1.607537277991601599e+01
1.398889096477227234e+01
1.391283247794637390e+01
1.478703788158521526e+01
1.400986365545185919e+01
1.493948039938491235e+01
1.359011746594615033e+01
1.463181105195028664e+01
1.346029383391019607e+01
1.465009296686686824e+01
1.292141854737464968e+01
1.602097697689789513e+01
1.168286948899997313e+01
1.382933951137770734e+01
1.436726159630363320e+01
1.389884076020780235e+01
1.320198734042256561e+01
1.528129473930871640e+01
1.396175370710505170e+01
1.335499550310532157e+01
1.079667694451320337e+01
1.315599414502670150e+01
1.487196853681686548e+01
1.569012662575384098e+01
1.467419412829289271e+01
1.429141078716604341e+01
1.475605194441549450e+01
1.123591999901710992e+01
1.555261449631575310e+01
1.389601747816590738e+01
1.362181581976000544e+01
1.605008336151093218e+01
1.746080787543776580e+01
1.592588361896420679e+01
1.360438607386873677e+01
1.482092408344688828e+01
1.544565840909983834e+01
1.280696248977773877e+01
1.621026300984375013e+01
1.491547193857058318e+01
1.277338059817801152e+01
1.643860126164512891e+01
1.374480090286534839e+01
1.674111183125934232e+01
1.434836830538171704e+01
1.423081939536854179e+01
1.363364791925558706e+01
1.520603336452633769e+01
1.410560390352729954e+01
1.329497627676946436e+01
1.319746427061337712e+01
1.342564203583537896e+01
1.348153764094637985e+01
1.391194420774789187e+01
1.655267372852018681e+01
1.482499831023409520e+01
1.508601498074723501e+01
1.154672815780292794e+01
1.433193158938146361e+01
1.453528614651395223e+01
1.334626130568310742e+01
1.497659356265765496e+01
1.416487886942450025e+01
1.366530580574470122e+01
1.570604502966539506e+01
1.419792850643509752e+01
1.374831850619134244e+01
1.455952221368884203e+01
1.161521294318250419e+01
1.370510717864026340e+01
1.048822579963832169e+01
1.679648302002552640e+01
1.465886753949571641e+01
1.703242534095366523e+01
1.509969682162585869e+01
1.310418195679669395e+01
1.610442287747870793e+01
1.467510771942991887e+01
1.521451339016942939e+01
1.588524699648323235e+01
1.548998424397607465e+01
1.462062572265202753e+01
1.378668607492813969e+01
1.446069425460685132e+01
1.373716196029963399e+01
1.436838098047872414e+01
1.495455759604327994e+01
1.553976491828851536e+01
1.674796014263186095e+01
1.463139598572801958e+01
1.419789956686471122e+01
1.630188326930640130e+01
1.362950065337891914e+01
1.449105379187366793e+01
1.196928764461854655e+01
1.469696847902931758e+01
1.273502152774663188e+01
1.299222577127578759e+01
1.372063380947484212e+01
9.477957918246808333e+00
1.231331728348087395e+01
1.545050701778942681e+01
1.595252133245470816e+01
1.663567040452558388e+01
1.329096443758334267e+01
1.340562657075490627e+01
1.448301556787438926e+01
1.501859573405978132e+01
1.278655816427133196e+01
1.720609736102247567e+01
1.392350962122895375e+01
1.205109761843947425e+01
1.437682368008639600e+01
1.407348697568068907e+01
1.441712029080476754e+01
1.418663649364204460e+01
1.456073579500609405e+01
1.339448330599493708e+01
1.328536818280476695e+01
1.381311119607373961e+01
1.460291326028817771e+01
1.454603257548021489e+01
1.621101331729369477e+01
1.624397404335654116e+01
1.392513132040655321e+01
1.552257493619374351e+01
1.463262658412513773e+01
1.360367133438577447e+01
1.577441650026312914e+01
1.681002527030115345e+01
1.315337377086266990e+01
1.463921421457927252e+01
1.244467254918655108e+01
1.491757723370682243e+01
1.628296824689895317e+01
1.079947935977319418e+01
1.329752739029619057e+01
1.582660658048770763e+01
1.386545647650601865e+01
1.444053624603294494e+01
1.270520124489849323e+01
1.516891944594313379e+01
1.539695842351341248e+01
1.469814703537549150e+01
1.549283813328249337e+01
1.481782999732340400e+01
1.514483731451491977e+01
1.521178207057770315e+01
1.577351953743860413e+01
1.264975144996659218e+01
1.382592690007953884e+01
1.619963142314893645e+01
1.545874214984362638e+01
1.394917374079600592e+01
1.256788107978272784e+01
1.312080417189702253e+01
1.584027295272603730e+01
1.358972589549729371e+01
1.417560389306552260e+01
1.385488883786136149e+01
1.617946488951235295e+01
1.564952937574490477e+01
1.289748101708750383e+01
1.216117044559595151e+01
1.309953660468913483e+01
1.389178808184838765e+01
1.123285780330524730e+01
1.547774884707025933e+01
1.442650401674822369e+01
1.586225135681804765e+01
1.598762989261724243e+01
1.391600739485874172e+01
1.472353837166096113e+01
1.632498871897011838e+01
1.396637914552294291e+01
1.201962706451323371e+01
1.294434955546809718e+01
1.583301388760667905e+01
1.334583507557690041e+01
1.446477901146398892e+01
1.372826789241686463e+01
1.268144342002250546e+01
1.415926593253787580e+01
1.482104725497119802e+01
1.300884000005619967e+01
1.399427393032951983e+01
1.316592904560501154e+01
1.414944348490296555e+01
1.369334363295717694e+01
1.307564082059903043e+01
1.578072711801945616e+01
1.548970955127319193e+01
1.304106315783870507e+01
1.399388142982217609e+01
1.327062707592551583e+01
1.414206120740201378e+01
1.283445019972386092e+01
1.538402448213271967e+01
1.209777554493640750e+01
1.259015118363096697e+01
1.420583454593850981e+01
1.305380992064434764e+01
1.405095949442872438e+01
1.227413498221447519e+01
1.551744543557090417e+01
1.416172412583875406e+01
1.424285769535340229e+01
1.505618978353653858e+01
1.297995579740730854e+01
1.525784679140820188e+01
1.390556653927027142e+01
1.596369953436733979e+01
1.555779561509925912e+01
1.300647793495932270e+01
1.424324467570434649e+01
1.137440025747771877e+01
1.397891121605083953e+01
1.439449134566725341e+01
1.473947330522583599e+01
1.390019691308822125e+01
1.390774337359967738e+01
1.341729435766353618e+01
1.547891110929617930e+01
1.553996602053972786e+01
1.395400898303445558e+01
1.650304648894510251e+01
1.279212457436695871e+01
1.474123638516402224e+01
1.294106943637431328e+01
1.422394131647540760e+01
1.432636942573140892e+01
1.374359522975660397e+01
1.345187181883674832e+01
1.376786701937491841e+01
1.466975247081273004e+01
1.232265678313963697e+01
1.324813298195106270e+01
1.348174000397044381e+01
1.385016820668247917e+01
1.514446210805814275e+01
1.285064744735422515e+01
1.305723475783394072e+01
1.603294516619003574e+01
1.419220311946341084e+01
1.645404847140837745e+01
1.250412894218774795e+01
1.492734799736013862e+01
1.436420432662674784e+01
1.306080170019753695e+01
1.485788244194877983e+01
1.489365070828974957e+01
1.357510700339355303e+01
1.556391059431732948e+01
1.515551899882239795e+01
1.475587691380607325e+01
1.379692845632844289e+01
1.379292514284984428e+01
1.162638163935444169e+01
1.354920578911431406e+01
1.519637418096085213e+01
1.470469391188652963e+01
1.548563107820431028e+01
1.421345632901717515e+01
1.451764847498864697e+01
1.533651178283560057e+01
1.415356167702341672e+01
1.465313752538721026e+01
1.598532914321247844e+01
1.475083823965599450e+01
1.589874288191297502e+01
1.653318611326226772e+01
1.278705447636733084e+01
1.528995208565999775e+01
1.665062157661339626e+01
1.568813520004683149e+01
1.485389375575424253e+01
1.324923449283324040e+01
1.442630236677464062e+01
1.302419126692359619e+01
1.350290786973980239e+01
1.523524597763409183e+01
1.553668925724624117e+01
1.523244753332229351e+01
1.223100287398132835e+01
1.155429338638422010e+01
1.555514880570494007e+01
1.587320283337241911e+01
1.051871734758989341e+01
1.229773361314342317e+01
1.250915796033216765e+01
1.245922959428020249e+01
1.301186650756539187e+01
1.521031372718724306e+01
1.441232736175942009e+01
1.479583450293702107e+01
1.527744067340132261e+01
1.455437657868150048e+01
1.503773054574503831e+01
1.501020248580508287e+01
1.477273816039727272e+01
1.492049193640081839e+01
1.442306118698798301e+01
1.572117885686392214e+01
1.356625048531789268e+01
1.314440080105477371e+01
1.483336976220449444e+01
1.331037775387574129e+01
1.215893065366513426e+01
1.464768844587713836e+01
1.623214091122812164e+01
1.714275146407458550e+01
1.478925223479187778e+01
1.522905996401610906e+01
1.351574424481979797e+01
1.447772380869887598e+01
1.465977134893236489e+01
1.674294059811647628e+01
1.332624765093921759e+01
1.157580107996253638e+01
1.450609533166311849e+01
1.130049636613071229e+01
1.284982046896329422e+01
1.596476253739854201e+01
1.517491143146391508e+01
1.378490729302811424e+01
1.434749187130149117e+01
1.505801185558431854e+01
1.319487054859170527e+01
1.714043382672139515e+01
1.294820964451937151e+01
1.406928525203592528e+01
1.538205344326145330e+01
1.258702896313848640e+01
1.390872788614056965e+01
1.225381271969670749e+01
1.241390816987824763e+01
1.500636576804767586e+01
1.519704948790928078e+01
1.461982688078505710e+01
1.509747119857590647e+01
1.337273920475949751e+01
1.524637306020904681e+01
1.518806322562084787e+01
1.371389756020541206e+01
1.327307387482672851e+01
1.350043965469119378e+01
1.538786124743997519e+01
1.527700993629223269e+01
1.538099005592682644e+01
1.439282074123120303e+01
1.689165610540858609e+01
1.530018933926484337e+01
1.346116952767923713e+01
1.597841485909098402e+01
1.508956517170147116e+01
1.456313720595283456e+01
1.642055207827281649e+01
1.227028037176379272e+01
1.314098348538728800e+01
1.175144960342506550e+01
1.416869170614028484e+01
1.346644034656591238e+01
1.564405590537270641e+01
1.456000959061100986e+01
1.343268360664055550e+01
1.365274818353209874e+01
1.308284969848834933e+01
1.573788680863997413e+01
1.363850310520058606e+01
1.373764269818496331e+01
1.460242005483504890e+01
1.493333806874408332e+01
1.368357074627859049e+01
1.355205414872292913e+01
1.363308199849530844e+01
1.498092933747886768e+01
1.409698254104078785e+01
1.652936761929012377e+01
1.802495500494732639e+01
1.435224807375380784e+01
1.569593047299095900e+01
1.515942251380112893e+01
1.315666634884039432e+01
1.173297729999396211e+01
1.459094010242207240e+01
1.020817816052656113e+01
1.557256106469666435e+01
1.383494601078465536e+01
1.344706931510352277e+01
1.518655933129958768e+01
1.460082852334555348e+01
1.498983495616952055e+01
1.213150632859657208e+01
1.325078002087802531e+01
1.449065111240472703e+01
1.158324548318116776e+01
1.538336670905082926e+01
1.566425256395684684e+01
1.127922948876664755e+01
1.537709184258739725e+01
1.481705618643234956e+01
1.529660331007297636e+01
1.429923701296635308e+01
1.616346424807801441e+01
1.616325871689212335e+01
1.641066434155637666e+01
1.549180107817260321e+01
1.350956382950629298e+01
1.645347893779440795e+01
1.495615868680360450e+01
1.479387192033014387e+01
1.251208636721697687e+01
1.600759464379803987e+01
1.602474118622717825e+01
1.054820118978850552e+01
1.409375725123904921e+01
1.534189807887906376e+01
1.461750630297822440e+01
1.626839295096346305e+01
1.434678756640209407e+01
1.502408530173904389e+01
1.481724969558858263e+01
1.627940346150676021e+01
1.401506677678722212e+01
1.581202336088477800e+01
1.463051405460435639e+01
1.552623016571161330e+01
1.255655038619071462e+01
1.222789062436757845e+01
1.442540039067735158e+01
1.394283894183784867e+01
1.599064634101132398e+01
1.282616485001174311e+01
1.511700622089762547e+01
1.610884639378845407e+01
1.112191517914782679e+01
1.454459173374501368e+01
1.542465448961731767e+01
1.144563913980759473e+01
1.413779106832124199e+01
1.470612086752592518e+01
1.689664458459158425e+01
1.236642614519640482e+01
1.168177420363711860e+01
1.422415042566615817e+01
1.485529129005106164e+01
1.416181953723826936e+01
1.634601551947347886e+01
1.525282666655854058e+01
1.481531000427229650e+01
1.502760230562427601e+01
1.521736893182231043e+01
1.409360547318554069e+01
1.443368527062083295e+01
1.477638848738023647e+01
1.368425135953497573e+01
1.528259796718596952e+01
1.493922127590206372e+01
1.489749222556882025e+01
1.536129487447770714e+01
1.503903494844528588e+01
1.382408331030059934e+01
1.468747482744292121e+01
1.491237687321223682e+01
1.459074316676224115e+01
1.394285166161082046e+01
1.652039439625098893e+01
1.258836680984251721e+01
1.480397438398626164e+01
1.261132854076295473e+01
1.418357873561657279e+01
1.133810016736106796e+01
1.646034468184199540e+01
1.413069968921983488e+01
1.276914969758007601e+01
1.516839382580163331e+01
1.576100229244046957e+01
1.390436248144439269e+01
1.462046569020035491e+01
1.406535858373106684e+01
1.524396010899646292e+01
1.460753173624573620e+01
1.585558186017408921e+01
1.326701310369114140e+01
1.404238045223046072e+01
1.317847686515589523e+01
1.592736858169052994e+01
1.315233285027008847e+01
1.670086021843659907e+01
1.541228777952556861e+01
1.615986105896881497e+01
1.756290119334520128e+01
1.347428619132198868e+01
1.605615532109753119e+01
1.353154641989824114e+01
1.477654682603898806e+01
1.408023472621179550e+01
1.421046165138185380e+01
1.289384627699548425e+01
1.351684865597978380e+01
1.446575201268472455e+01
1.281520528528196401e+01
1.364121185637514699e+01
1.353446532233640021e+01
1.570134719549404956e+01
1.495888682802285885e+01
1.351843020827468145e+01
1.530785479903645019e+01
1.302345667861047751e+01
1.501769616949643904e+01
1.274345287080287648e+01
1.511387059243195097e+01
1.335917501219552328e+01
1.338992114340152995e+01
1.531584726833702703e+01
1.528392799546849901e+01
1.207788849366391659e+01
1.409556743230173126e+01
1.254685654316398313e+01
1.433004946744345176e+01
1.262628036543835464e+01
1.187279259416842869e+01
1.370065352999174202e+01
1.443070463888885691e+01
1.139687988498009297e+01
1.346101344984901971e+01
1.306974236797834443e+01
1.685915408905791324e+01
1.482389645810422074e+01
1.567062961486135819e+01
1.356441523855334275e+01
1.327918585166823107e+01
1.408837699502097962e+01
1.120391172630151466e+01
1.348777614936431490e+01
1.328503576373588757e+01
1.649375131956238860e+01
1.503291863299621411e+01
1.486680762182896132e+01
1.308920418276636610e+01
1.508000007471031800e+01
1.594480692570460612e+01
1.430026719236537680e+01
1.301211069854447899e+01
1.372311730594378254e+01
1.429182298811974228e+01
1.493347600312087842e+01
1.413379370395309209e+01
1.832897538836667550e+01
1.530946399540301250e+01
1.421000127029068771e+01
1.355064379274754316e+01
1.586511067090741811e+01
1.643704099764295279e+01
1.379166328425949573e+01
1.501532934479666714e+01
1.627206484706754708e+01
1.423283850413419493e+01
1.506362018618517773e+01
1.233555859843956171e+01
1.538426283501023484e+01
1.474521421676975308e+01
1.356238307157643241e+01
1.256784016395991266e+01
1.305714524365945195e+01
1.526137301745805885e+01
1.418219386806725701e+01
1.468893295312305192e+01
1.558686041766663166e+01
1.699801824040332576e+01
1.343517709127403315e+01
1.270954943135361326e+01
1.455902272559781530e+01
1.600554808081362168e+01
1.151097939764564870e+01
1.336203437732969590e+01
1.408164401875330718e+01
1.435396673902214459e+01
1.508359991452214288e+01
1.383814761184593145e+01
1.431869224436630006e+01
1.480720939464801233e+01
1.451881224294343120e+01
1.345830018761225233e+01
1.481890993309688298e+01
1.224114185495057683e+01
1.400513277853219662e+01
1.386908078268954547e+01
1.337155986503394089e+01
1.364549028510536388e+01
1.352200828063046245e+01
1.305517161510875290e+01
1.549482666153708799e+01
1.398237875429916244e+01
1.469729580040165473e+01
1.586692966361579238e+01
1.256207748894616749e+01
1.445345704970151246e+01
1.447918501104993894e+01
1.436427818725849370e+01
1.577126303652698347e+01
1.393678125289517311e+01
1.456323734894285060e+01
1.532137131640483929e+01
1.447024642276692319e+01
1.522966057419119679e+01
1.314262515956113475e+01
1.378980065399022514e+01
1.103010999084895971e+01
1.640889726891272105e+01
1.425896806169082964e+01
1.498003547356104015e+01
1.619123943066795235e+01
1.351259853912175934e+01
1.379737806444944503e+01
1.576616260181707929e+01
1.357002601168028910e+01
1.398946432932526385e+01
1.266021916954283277e+01
1.302845330947708646e+01
1.344618334438239060e+01
1.386092872736786319e+01
1.483479908889317045e+01
1.313786941237144923e+01
1.367140838241722811e+01
1.522614918231606751e+01
1.610673084166561964e+01
1.457371451988693067e+01
1.396464235702516987e+01
1.357479224686116481e+01
1.587615889947149128e+01
1.533589801501137906e+01
1.476381653268267868e+01
1.529245247406223029e+01
1.216044837003560097e+01
1.564165754565534883e+01
1.223436576672729714e+01
1.375539484018080039e+01
1.258977409986461993e+01
1.394376335050946203e+01
1.566954721725610611e+01
1.595515455109074843e+01
1.237388404120865637e+01
1.507056986765616102e+01
1.524170335663243492e+01
1.450067523122357116e+01
1.359246211804125970e+01
1.126069288507774679e+01
1.306373102709638268e+01
1.397690825310830220e+01
1.659479829893853875e+01
1.779151352272181441e+01
1.388213372964758996e+01
1.430925871866838506e+01
1.331789081588564727e+01
1.409997696845248250e+01
1.399780453334433616e+01
1.473363986402132220e+01
1.506484672624266352e+01
1.689778145226084760e+01
1.391924926275170016e+01
1.270621437629185024e+01
1.383685874657722970e+01
1.234067554053097027e+01
1.273738522529826511e+01
1.130572214924143459e+01
1.552622535212839594e+01
1.199258569571603594e+01
1.541956854622522677e+01
1.476473282438456636e+01
1.238419161495763632e+01
1.243781683697342011e+01
1.585399428894778495e+01
1.334708987022118265e+01
1.352759360070092498e+01
1.153529535473339607e+01
1.393892728756074284e+01
1.111098070319530606e+01
1.381209567694391005e+01
1.269916035175856450e+01
1.253912262883701700e+01
1.182068638118488835e+01
1.350371744893025650e+01
1.778484348922787106e+01
1.459368529604117626e+01
1.231845118176791587e+01
1.289913259083081698e+01
1.427190558548922894e+01
1.536936438712084119e+01
1.456545690088093536e+01
1.401576540919159264e+01
1.535850751198169029e+01
1.470940761821996112e+01
1.315336677128518161e+01
1.655414730984786331e+01
1.472937713276883187e+01
1.354111445130248903e+01
1.543387879491844217e+01
1.463844648894969325e+01
1.298170131753631118e+01
1.425189861542558489e+01
1.618491434148558383e+01
1.603763709564825746e+01
1.521989000966971162e+01
1.600573728802221396e+01
1.386785570341770679e+01
1.307475440267596767e+01
1.356587653374198865e+01
1.186728976495650478e+01
1.560413891172332690e+01
1.409660155483439503e+01
1.449348458355480673e+01
1.682223432195872803e+01
1.468354176552447932e+01
1.455836890564034825e+01
1.390501907727309749e+01
1.511173912903874594e+01
1.445211335868707536e+01
1.303012632543633131e+01
1.629121873495691730e+01
1.698291005845076995e+01
1.238874108492706583e+01
1.576288704349081371e+01
1.448345839414028724e+01
1.473731829967606899e+01
1.400316273251366184e+01
1.304752129673003580e+01
1.551934520097782233e+01
1.369807476709964966e+01
1.311443142294799458e+01
1.388371065779901770e+01
1.636597572227832487e+01
1.496216936123323293e+01
1.651989751024165898e+01
1.579199119948948926e+01
1.388906313844092821e+01
1.490700924246144510e+01
1.268407162617501704e+01
1.354092958987672723e+01
1.287492884345205546e+01
1.482812498340056351e+01
1.482818918246847417e+01
1.435405906833055667e+01
1.383584583408516444e+01
1.582384242913405537e+01
1.600544688488158229e+01
1.444252110418654134e+01
1.449772300074234543e+01
1.431606474716961053e+01
1.582169062225710654e+01
1.228864943922716257e+01
1.390016957616034965e+01
1.347938465041464440e+01
1.332669477943931824e+01
1.339736487180065971e+01
1.388542055745814174e+01
1.504333791234060591e+01
1.394571769794060856e+01
1.500871247047879642e+01
1.302496697280080795e+01
1.244267264235989501e+01
1.209289279344626955e+01
1.318032044126679736e+01
1.412154128321854074e+01
1.239477913381355734e+01
1.294793871909566008e+01
1.248852798998574976e+01
1.328425664742938928e+01
1.579874764013474930e+01
1.232097312697692004e+01
1.311830900671401956e+01
1.366828310198224727e+01
1.376985676342648190e+01
1.383606157332919118e+01
1.356980380423202526e+01
1.444367546690724780e+01
1.345882486605015060e+01
1.514819605945520031e+01
1.176208966325130056e+01
1.357981025645268147e+01
1.720226854453667542e+01
1.415968467178438495e+01
1.338322729203946082e+01
1.205665999004262900e+01
1.602391289198040525e+01
1.466855547803215032e+01
1.392912778790873318e+01
1.349806879459465847e+01
1.768131246347216745e+01
1.394194686339625910e+01
1.607989341428332608e+01
1.320750584962934049e+01
1.516243882152995504e+01
1.489805091022136452e+01
1.434397587970767951e+01
1.389790555846972708e+01
1.500971520467712672e+01
1.523974941343824518e+01
1.687427766380612937e+01
1.471744154503341662e+01
1.430070727795401986e+01
1.450248431302766861e+01
1.440855064793002072e+01
1.403395116147048149e+01
2.348225895960020893e+01
2.113636442706690488e+01
1.914368815183813766e+01
1.964980687238829304e+01
2.103964418968635641e+01
2.081196142014126949e+01
2.349734871112021750e+01
1.767677481857238675e+01
1.953043339530834643e+01
2.101338299872638515e+01
2.004509945217705180e+01
2.173580525304877042e+01
2.106234385233747375e+01
1.978254583069177741e+01
2.603606408736452238e+01
1.876520172383937179e+01
1.979575982012104163e+01
1.620172583091719076e+01
1.757780868798436202e+01
2.269051110080779310e+01
1.952803791207114870e+01
2.022775529780714621e+01
1.853452895210511286e+01
1.713932217946182845e+01
2.017610697281132559e+01
2.033136716406629318e+01
1.772205906094090011e+01
1.932343708046877495e+01
2.121415811311422317e+01
2.192915960153148447e+01
2.555609439940822369e+01
2.220865517824869784e+01
1.735972881094748743e+01
1.806597715297072426e+01
1.633374248161125308e+01
1.954103304084086190e+01
1.823724299531335902e+01
3.756716951448407826e+01
1.920570106196158022e+01
2.034641419802679252e+01
1.917715831820594730e+01
2.025342435826414089e+01
1.851893722193283409e+01
2.304454484972566775e+01
1.724162611109786525e+01
2.017503472352080252e+01
1.466505045438358223e+01
2.123638447347862979e+01
2.075906039983002671e+01
1.836740548924505845e+01
1.933559308918050590e+01
2.141202948742325063e+01
2.674316539070026977e+01
1.761797496381791817e+01
1.874215322846193033e+01
2.018034509861691106e+01
2.464953357189782679e+01
2.466335420754661811e+01
2.296342674174087861e+01
2.078484759723728814e+01
1.983079004569876957e+01
1.967909688202376728e+01
2.178088202909405524e+01
1.996325986314264611e+01
2.120090781851735073e+01
2.127991097393214304e+01
2.051930192220137528e+01
1.953985830460102235e+01
2.435929708503990909e+01
2.053622008682393485e+01
1.961190244338245492e+01
2.184349366368300238e+01
1.914888193070920153e+01
1.636357230780145500e+01
1.912079217792913255e+01
2.216829802079358558e+01
1.956743915078511975e+01
1.878281981236735376e+01
1.917350681584801819e+01
2.094706574738397720e+01
1.974270560899073601e+01
2.770564205886574882e+01
2.202916859467512722e+01
1.450348785637951821e+01
2.288606470698553252e+01
2.162018531455093751e+01
2.123148595201973521e+01
1.940231296692612162e+01
2.195783717207332231e+01
2.775500985864070458e+01
1.691738662005159100e+01
1.491195301903903747e+01
1.849373610389555722e+01
1.992310242489900318e+01
2.138800818849502861e+01
1.693798048117406907e+01
1.937006764352756250e+01
2.046723202089419402e+01
1.840554791165831716e+01
2.195444039552775095e+01
2.281181197928257376e+01
2.016738603292009202e+01
2.235368978869651002e+01
2.079780956868305708e+01
1.479079027617917497e+01
2.211037114230964562e+01
2.145382321426459171e+01
2.292320494207864812e+01
2.178361230140458815e+01
1.910366020580999802e+01
2.200184758940666541e+01
2.196648461502749328e+01
1.552774475465673909e+01
1.776165426007928261e+01
2.018877771097950458e+01
1.469132465753438410e+01
1.809845941350891962e+01
1.883362568983947583e+01
1.656612505895736476e+01
2.409925111026743139e+01
1.955995158222228625e+01
1.903314924735317604e+01
2.082037993736876302e+01
2.082433606158474859e+01
1.895005649982778095e+01
2.272574329030353013e+01
2.122651314765410291e+01
1.684506635124381191e+01
1.890359807685931770e+01
1.871601860425148800e+01
1.877477268603457006e+01
2.161976004910419746e+01
1.995351945994199738e+01
2.168696679605477939e+01
2.075587099930581658e+01
2.074756730017573503e+01
1.615370420566043208e+01
2.388066321848447515e+01
2.036291857264570382e+01
2.039419374533359530e+01
1.412533386873431596e+01
1.696301776212025914e+01
1.957021522716900819e+01
2.020340872365155604e+01
1.831778113108327233e+01
1.982521886031263136e+01
1.704000826990847983e+01
2.148350393007332926e+01
1.874606004599798226e+01
1.828498615094627056e+01
2.011086254881510627e+01
1.925132214224743166e+01
2.336385185123625519e+01
2.338320397757408742e+01
1.489219452924512765e+01
2.039285611259138520e+01
1.706370168025266310e+01
2.138884918631420007e+01
2.033434913999655080e+01
2.063129329881962448e+01
1.933952981391136561e+01
2.701480591474198079e+01
2.008362033120328505e+01
1.948306474229360319e+01
1.947770876577448718e+01
1.714521539416650242e+01
1.777099753598288601e+01
1.999292214972032511e+01
1.726525626715436346e+01
2.524089393594326580e+01
1.767600284427408397e+01
1.909294271665737597e+01
1.753665965959653050e+01
2.109797746893196191e+01
1.957977197003557279e+01
2.321240993841789901e+01
1.964389958328162322e+01
1.995787759948854756e+01
2.077182175141937037e+01
2.207560275063513444e+01
1.932879089555672891e+01
2.118436419219625932e+01
1.523515129769893761e+01
2.033497301386619327e+01
2.202600660568130664e+01
2.007983007106475171e+01
1.958250321894395540e+01
2.687603192869980973e+01
1.989896635618707421e+01
1.990009965307277895e+01
2.128233982345309983e+01
1.901281831050990334e+01
2.125908419999070986e+01
1.705033412417676431e+01
1.926671067319472641e+01
2.214833085123131085e+01
1.827292523682858771e+01
1.957544057328643916e+01
2.050540631724486218e+01
2.134802078797012825e+01
2.280042637935794758e+01
2.001987387498898485e+01
2.086888025830570115e+01
2.246546907035034479e+01
2.041134235240457784e+01
2.174467152513563661e+01
1.817252880309669294e+01
2.074369854870626995e+01
1.955057814627478763e+01
2.217003438426153750e+01
1.968628324573749566e+01
2.043941421099974676e+01
2.640706911412442537e+01
2.389269660558385411e+01
1.701079805671407996e+01
1.682339918875083384e+01
2.095623907403351183e+01
1.269340215027423113e+01
2.118269068207936456e+01
2.062180921844953474e+01
1.907071199437696762e+01
2.045069189886891436e+01
1.683070017841485466e+01
2.207324920088300857e+01
2.091582631428898509e+01
2.079615234094505638e+01
1.701748922612811299e+01
2.177990944558645836e+01
2.081478466632550095e+01
2.126989022147664343e+01
1.912021018023709473e+01
2.163179753146362216e+01
1.953261843759133853e+01
1.929876950376339551e+01
1.877844348900115534e+01
2.031777075279288880e+01
1.921163996036605326e+01
2.110351471874937701e+01
1.986688922782309774e+01
1.989468305280287552e+01
2.050887197123559247e+01
1.803285758508222614e+01
1.815184194579727972e+01
1.811671577953494960e+01
1.606691512498503727e+01
2.960000894415109940e+01
2.043986259874954214e+01
1.774788094472287980e+01
2.013697130188758777e+01
2.137325654814734577e+01
2.044405890299466222e+01
1.680291742228644480e+01
1.654263869707482826e+01
2.019407877739312696e+01
1.691171835651557487e+01
1.911667100204876846e+01
2.292833110994976309e+01
2.015860617795835807e+01
1.876185981230357314e+01
1.510165478484933033e+01
2.036488345532183786e+01
2.003710189286851318e+01
1.263674954588318755e+01
2.131570053916754759e+01
2.283601068517677390e+01
1.887080265607544760e+01
2.240946607186651462e+01
1.551887253872803463e+01
2.079499525483778299e+01
1.970338555906620925e+01
1.747232710362927932e+01
2.027827090462996296e+01
2.386398187532245174e+01
2.074447763275918888e+01
2.062375568847989626e+01
1.994686886022199346e+01
1.994421676030023249e+01
2.360656244426851202e+01
2.102461814638967041e+01
2.019567458494400114e+01
2.099823181271439054e+01
2.273551180383762471e+01
2.015027435222289043e+01
1.994787696414638845e+01
2.279910465894899829e+01
2.373718648424106092e+01
2.048194690843413568e+01
1.958311024668310552e+01
2.028235694763312935e+01
2.067783683348965340e+01
2.005903789038162444e+01
1.778597656776900848e+01
2.061192982340128665e+01
2.345816309326252380e+01
1.461141575519524594e+01
2.554306890018786191e+01
2.001390926802657333e+01
2.147689765644653193e+01
1.993577076272721271e+01
2.073343091343604527e+01
1.803690356586027477e+01
1.893264627015367552e+01
1.939686662263184047e+01
1.994093309957128923e+01
2.322012884560025014e+01
1.991285350467903115e+01
1.613969611480424859e+01
1.978327772607012491e+01
2.088562948197834146e+01
2.090133031300947408e+01
1.725097654650480905e+01
2.115972098036413129e+01
1.348146937641497800e+01
2.137315056241871503e+01
2.162570371166905048e+01
1.996618231681469169e+01
1.786525750731453854e+01
1.874778316633098285e+01
1.948100095566081436e+01
1.971731238686675525e+01
1.630290355741371044e+01
2.130656552875246135e+01
1.355932141257319401e+01
1.811284891399430919e+01
1.722355945478460981e+01
2.052607401893672545e+01
2.034266342749998202e+01
1.021765201246600085e+01
2.415044917051861262e+01
2.279544390883526717e+01
2.552301197252007015e+01
2.122187078283581485e+01
1.781147732332573241e+01
1.890221452210238695e+01
1.997101365491671388e+01
2.026765436290300926e+01
1.978004078789272313e+01
1.930530677322800415e+01
1.852736513584905254e+01
1.990841041134012102e+01
1.285146068384240792e+01
7.815836149469543415e+00
1.920000690139726274e+01
1.935475835562824187e+01
2.605762507464205768e+01
1.814888829547723148e+01
1.387743716546630068e+01
2.129342528001532031e+01
2.044163960723994578e+01
2.117697792732175799e+01
1.804347101965113609e+01
2.029272369441187251e+01
2.182720133408602692e+01
2.411354583131186047e+01
1.997560943282919865e+01
2.611850113148622654e+01
2.129015076818885177e+01
2.454159554233776674e+01
2.432359939018394712e+01
2.023470018849568675e+01
1.908094444065991269e+01
2.175612654691004622e+01
1.933808343338134605e+01
2.277071846054191795e+01
2.263749602602199218e+01
1.842079733546482956e+01
2.202586448893777771e+01
2.038314154613624041e+01
2.007860916060596779e+01
2.350120991622699407e+01
2.579083101941535716e+01
1.787262758719743161e+01
1.918914735016897311e+01
1.962363806810965627e+01
2.286073141663713315e+01
1.962987993122925090e+01
2.594233104030335468e+01
1.839729106387822810e+01
2.317217550059580233e+01
1.802986756943725410e+01
2.114683666868524980e+01
2.052643173895832973e+01
1.519732295834997515e+01
1.987546866204128548e+01
2.039918950194775604e+01
2.036115744437713460e+01
1.829243741621289487e+01
1.999725800678639231e+01
8.021009525073118596e+00
2.011376530512847083e+01
1.847028774196038015e+01
2.005651564355283512e+01
2.203079433501886086e+01
2.199511949534539568e+01
1.788308455013257259e+01
1.867212100491371984e+01
1.959897468914423868e+01
1.720122349888508495e+01
2.011358675607454316e+01
2.220622027226350070e+01
2.036713586448710345e+01
1.678199658034523978e+01
2.043646944700460821e+01
2.308087387030061421e+01
2.396943493675362191e+01
2.418709501888561419e+01
1.770000563132479954e+01
2.025617081151013821e+01
2.111309009280370930e+01
1.628189183259422634e+01
2.122872896828459233e+01
2.309156093766783968e+01
1.883808483628646968e+01
2.174508504074314885e+01
2.122465806586274795e+01
2.327147238562837472e+01
2.081756748938633450e+01
2.078166385410153083e+01
2.025734072366836713e+01
2.146858026504406070e+01
1.920849302973729777e+01
1.947640427524156337e+01
1.749802854766837612e+01
2.155834058294658462e+01
2.087045280882621867e+01
1.609229223452831548e+01
2.008455154130056286e+01
1.948146906055507088e+01
2.137427707512805242e+01
1.818252845716987309e+01
1.915702828113504097e+01
2.677038373475473065e+01
2.020278324761396149e+01
2.099984467624761564e+01
2.432698718400746429e+01
1.932692226642534905e+01
2.031724966235915630e+01
2.069714230288741419e+01
2.294947704933263921e+01
1.509230276713362606e+01
2.228488194233951347e+01
1.975545447701201596e+01
2.064585212119180113e+01
1.548897351005177470e+01
1.882411235149565343e+01
2.277281980643149240e+01
2.007112969353850573e+01
1.755923924017200477e+01
1.891724960709469272e+01
1.616143317131852086e+01
2.187554094461197707e+01
1.767186576753717375e+01
1.961909955989925791e+01
2.074377769776648961e+01
2.490202410260673105e+01
1.781985372645517884e+01
2.077056213782605454e+01
2.012970560561554478e+01
1.554237268478973988e+01
1.917869150321167382e+01
1.942064690262260740e+01
2.069690328956852099e+01
2.288699461187854212e+01
1.708519093974665282e+01
1.988701166788185404e+01
2.121738150454991967e+01
2.171786425304030388e+01
1.950571938495906466e+01
2.023222582665440328e+01
2.590421493896307936e+01
2.574674016020434664e+01
2.121680001443671770e+01
2.011722022460576653e+01
2.075901176533649206e+01
1.932339843920285816e+01
2.014039781506988547e+01
2.095747761696771150e+01
2.355924728281301483e+01
1.568831234441503852e+01
2.011170164228666479e+01
2.010128011727270092e+01
1.147657296469481558e+01
2.568951345064857250e+01
1.860836422638460164e+01
1.872469672243893157e+01
1.711714775552456658e+01
2.150849795617385496e+01
2.092234699373669571e+01
2.000325928163965017e+01
1.866843977080522876e+01
2.089137885399258820e+01
2.086824603456576810e+01
2.014456292968133511e+01
2.059955710299306375e+01
2.747272695393414210e+01
2.385751070742353264e+01
1.649362967070389629e+01
2.073265388129882680e+01
1.608064415683296744e+01
1.801593195223638588e+01
2.725924184242110471e+01
2.022105914815317718e+01
2.162377838891747217e+01
2.034130767256606376e+01
2.121765306208255097e+01
2.090037239790445511e+01
1.838909049397779683e+01
1.998855661843278853e+01
1.552101416336269679e+01
1.829124495394935934e+01
2.063198692831040404e+01
2.019380484029610301e+01
2.014595290957776896e+01
1.992194352280010605e+01
2.081254217234573645e+01
1.952515974533397625e+01
1.870157308485347869e+01
2.055006971262960391e+01
1.968233335140234885e+01
1.706681252522515990e+01
2.174622027257193579e+01
1.987233326870205730e+01
2.002900434416885034e+01
2.032771095400500627e+01
2.021276447937568932e+01
1.721637707108996196e+01
2.458805800929569330e+01
2.005092931951664781e+01
1.898969068862935572e+01
2.937719153253136284e+01
1.941081797752642402e+01
1.997279421545701084e+01
2.230996283125672619e+01
2.577141432539810140e+01
1.393235345245351553e+01
1.976796922649905497e+01
2.028528629242886794e+01
1.899982753270440838e+01
1.964311898424380232e+01
1.983925768754746599e+01
1.908108291005821044e+01
1.696605433136680929e+01
1.796434884052195713e+01
2.325423041853283124e+01
1.767247165473440873e+01
2.017419619992531210e+01
2.057888003535595800e+01
1.983579501854634941e+01
2.121077149373743609e+01
2.531279801775647087e+01
1.877952920786902524e+01
1.866577259639216990e+01
1.780375015849491760e+01
1.923536358074029096e+01
1.174005005753013720e+01
1.977284410173625773e+01
1.891623175478957464e+01
2.252669398593840810e+01
2.224458564847481057e+01
1.969409653341537592e+01
2.343778010556405178e+01
2.218588231231098717e+01
1.934302098676752379e+01
3.058093638274748471e+01
1.974569697311857297e+01
1.747320151806729882e+01
2.033690791403355647e+01
2.305973028748994835e+01
1.793056145207138030e+01
1.842187346852270480e+01
1.810807028181930178e+01
1.963768342142488876e+01
2.015292824588643938e+01
2.466245824650566476e+01
1.770547682413625523e+01
2.072556733547596863e+01
1.997690264616557698e+01
1.791001252780963782e+01
1.803073117076122855e+01
2.231505289733583197e+01
2.307190213828446801e+01
1.764300937528226143e+01
2.155513707759464026e+01
1.686048945192892390e+01
1.972371212081861103e+01
2.158550818619890066e+01
2.159516448811715250e+01
1.585944637544416125e+01
1.682553859741371838e+01
1.714449377226403115e+01
1.935592049218769262e+01
2.392594487195815844e+01
2.113907943556114688e+01
1.945340555350198386e+01
2.598437207462139753e+01
1.923221283368926748e+01
1.943123486667504807e+01
2.059693245150280205e+01
2.131686283214632027e+01
1.909695429274628253e+01
2.028948563553055351e+01
1.953662568713815517e+01
2.191884192012559041e+01
1.996455845487076175e+01
2.008154351864780907e+01
1.346957746898175046e+01
1.982903328887385186e+01
1.948578490520822015e+01
1.717292464083583070e+01
2.020987716356535202e+01
2.212736516377164975e+01
2.004196364041649048e+01
2.023511863949967804e+01
2.449117531825526228e+01
1.770564763976045697e+01
1.896349895424006604e+01
1.811339139058863523e+01
2.224877233320162517e+01
1.929850447063532215e+01
2.117405368444154234e+01
1.986095765046085759e+01
2.253575433539241146e+01
2.232180451323947423e+01
2.186905794989691287e+01
1.849528842505812420e+01
2.157430799209919670e+01
2.927567932756905833e+01
2.125455322046686035e+01
2.489470391743738276e+01
2.124108369551416686e+01
1.957856064887884884e+01
1.786967733909945721e+01
2.039599622605806672e+01
2.061335186665472108e+01
1.450851888122708644e+01
2.031048320144845576e+01
1.596255253471645830e+01
1.881097077822721531e+01
1.856146099645336633e+01
2.242745543474891079e+01
2.172218397235112874e+01
2.009537621568893329e+01
2.029595025311974865e+01
1.578165343332616999e+01
1.999971597365103904e+01
1.840131101134920044e+01
2.264364878721726271e+01
1.467294609168815889e+01
2.016245901608504099e+01
2.126167492863228503e+01
2.228243748963654625e+01
2.389941808940382018e+01
2.033717323315465464e+01
2.173735892179482931e+01
1.269603279768630699e+01
1.721247276834812467e+01
2.414086841323059929e+01
2.179311653203648547e+01
2.098640693486800046e+01
1.995235208887870471e+01
1.755378197830261300e+01
2.269388864275691375e+01
2.101245088640176917e+01
2.623787131944580153e+01
2.017278045253486951e+01
1.840413919343218296e+01
2.061518537883097224e+01
1.895724118704740135e+01
1.789920256415346600e+01
1.939583378702320005e+01
1.915728969527541281e+01
1.319141004600009204e+01
2.207855384390352071e+01
2.011175689423270541e+01
2.020630344581311633e+01
1.987128411255755367e+01
2.046447672580280042e+01
2.180303734708751762e+01
1.867275559868200574e+01
2.015318221071217408e+01
1.950129576569214507e+01
1.973205881843608012e+01
1.405927821265622768e+01
2.052670673639392973e+01
2.252259212535430422e+01
1.954793138868616964e+01
1.851471297064151500e+01
2.014062998304862973e+01
2.136608079472196664e+01
1.935589327854785324e+01
3.581827413983157271e+01
1.992025333710773083e+01
1.923927877758603699e+01
1.883235366306835701e+01
1.989689513767297413e+01
2.008733024632737596e+01
2.867086853040395766e+01
1.859798392441057047e+01
2.075430972101889893e+01
2.462923362036221064e+01
1.948831426587539184e+01
2.229423524823522840e+01
2.144688652993376010e+01
2.034030252860120669e+01
2.125855969290915226e+01
1.850890720100769826e+01
2.392682381813317960e+01
1.790657390277192462e+01
1.905462389975892634e+01
1.969220209615646411e+01
2.156289126613824081e+01
2.049085712652360058e+01
1.830357294943986091e+01
1.924298749048022472e+01
1.937658345244930302e+01
2.116599074497645461e+01
2.147766918225582344e+01
2.237740560620397900e+01
2.002066720981502002e+01
1.480458022125122142e+01
1.625586951054765450e+01
2.825339884185350670e+01
1.851558655424953415e+01
1.905383457652257917e+01
2.077475131415654630e+01
1.994316106082195716e+01
1.944123414030453745e+01
1.929746372149546474e+01
1.913027974496948147e+01
1.797489272299603869e+01
2.088800382789486321e+01
1.378269783656829617e+01
1.680950592133449817e+01
2.211682529316286150e+01
1.987403167854989761e+01
2.044718757645311769e+01
1.786756923346180415e+01
2.744855485031185083e+01
2.006938085491423607e+01
1.850094471654540840e+01
1.846510866249860428e+01
2.092300877316513663e+01
1.956710218814339797e+01
1.970154944826776955e+01
2.344813222017193510e+01
2.562185470397244913e+01
2.087462445361511953e+01
1.983676262214541808e+01
1.836526142903163716e+01
2.603216009928010521e+01
1.773753592004880630e+01
2.075305387213971287e+01
1.901134575743706989e+01
2.041356845596315495e+01
1.618398444626376786e+01
1.655859718962333460e+01
1.745967843822781518e+01
2.213413397017438911e+01
1.902050126169174504e+01
2.245870029420872527e+01
2.007324461459046461e+01
2.024561643643384912e+01
1.628900207490861973e+01
1.362013726064968466e+01
1.859234495644404106e+01
2.100331911140446906e+01
1.788600989425119181e+01
1.847702646190486675e+01
2.836346965133135001e+01
1.211962483513142175e+01
2.046238358138263891e+01
2.159662031612920075e+01
1.381453163838610720e+01
1.868129293557166548e+01
1.965381362403526211e+01
1.757049740445835795e+01
1.515214363783863050e+01
1.758475299235455935e+01
2.067376981528251534e+01
2.054662576465369028e+01
2.682744853105396743e+01
2.258102787101012865e+01
2.047620244257102584e+01
2.556397053858773916e+01
1.952344313968502476e+01
2.294146104559028387e+01
2.010326276323508665e+01
1.993871171089970318e+01
2.181135970296598714e+01
1.340008982406157045e+01
2.001343742765795852e+01
2.531032031241331737e+01
2.159131638509051498e+01
1.815343398233487093e+01
1.988800077998805804e+01
1.881444344477249331e+01
1.645693571670528854e+01
2.338785429710603481e+01
2.123326713961564849e+01
1.958608223473056142e+01
2.026897968326590060e+01
2.117562277297130890e+01
2.692630089194488363e+01
2.278403875135371948e+01
1.870863133295669201e+01
1.737636540196774249e+01
2.128655072610395749e+01
2.125474997025812485e+01
2.354442082111140877e+01
2.161798716924358743e+01
2.013641674254123970e+01
1.955568517762021585e+01
2.629385690277458565e+01
1.998799159417857396e+01
1.525728474629222831e+01
2.082261664040193949e+01
1.836726984098835658e+01
2.028434872414110046e+01
2.019221140542948945e+01
1.862767518746140993e+01
1.642206989661265837e+01
2.068976048646745269e+01
1.998711936299490688e+01
1.867415969754181759e+01
1.706323178419250297e+01
2.018466587079903718e+01
2.116646666126045062e+01
1.963732714631509424e+01
2.571859292931851471e+01
1.831197230426336375e+01
2.299107875193639217e+01
2.056847522987224863e+01
1.950358449815668038e+01
1.791838157615150706e+01
1.981546400770618632e+01
2.157692955759209141e+01
1.701983819258778396e+01
1.999931463480536209e+01
1.814141933261953454e+01
1.902106391239430039e+01
1.706642551534365282e+01
2.025256611649744087e+01
1.947726477456316729e+01
1.950553022780734125e+01
2.149157270159457411e+01
2.025257433282026298e+01
2.392556737656915544e+01
2.292236639729470227e+01
1.782747992074841292e+01
1.911941734372749124e+01
2.125154294620926976e+01
8.855341811580535349e+00
1.692384330742718390e+01
2.020688514396600866e+01
3.081063632395593999e+01
2.218993410631115637e+01
2.142806098651248448e+01
2.232244279874526782e+01
1.981545736988694628e+01
1.952177760707007081e+01
2.315986288268697280e+01
2.094286336418773686e+01
2.030545066129827347e+01
2.162610380742873417e+01
2.190814848489992528e+01
2.150286358395642594e+01
2.597766028719946263e+01
2.221550538791041873e+01
2.145668618707383146e+01
1.880532936596069860e+01
2.186318229969597127e+01
2.158302379067576737e+01
1.939743229317138073e+01
1.869150681147549165e+01
1.633608336015077001e+01
2.061823468687202165e+01
2.037702611879281633e+01
2.005666948077344358e+01
2.112659111796477873e+01
2.108101750631981730e+01
1.893852201284895287e+01
2.035151957564837844e+01
1.885758237007195603e+01
1.751638253988683402e+01
2.196427575467863491e+01
1.815438970404592567e+01
2.392355242516382674e+01
1.858205612930501971e+01
1.808624134579720533e+01
2.020106621758568721e+01
1.707735261750518418e+01
2.228491116104412839e+01
2.158027378529940066e+01
1.944403806658969458e+01
1.879434547664965649e+01
2.307935625384226697e+01
2.150646421071040137e+01
3.185863500681389482e+01
2.238319914098513408e+01
2.057763921971748289e+01
2.079087202042230231e+01
2.131791251560416711e+01
1.825020295715501462e+01
1.891426686096421150e+01
1.849187886157458394e+01
1.985191625938518101e+01
2.037287794506897498e+01
1.856162529100187086e+01
2.083455711941100219e+01
1.862035106859091727e+01
2.087125549338304253e+01
1.683300820081667126e+01
2.224493043156062200e+01
2.129817545411349045e+01
2.162010100043596950e+01
2.550839396417227789e+01
2.051124322467639871e+01
2.187486447173030868e+01
1.524609873584646991e+01
2.458785399651316084e+01
1.744585346721039443e+01
2.716752771296661706e+01
1.929997803459642114e+01
1.835248668225484181e+01
1.776953945587744599e+01
1.982234396058330006e+01
2.041910334813047001e+01
2.020297817270670748e+01
2.065198382315937664e+01
2.067300484185361853e+01
1.896019714408179979e+01
2.219828496205571255e+01
2.155743766041923948e+01
2.052916878793721978e+01
1.657866333821284499e+01
1.945232733665894642e+01
1.959585025658157775e+01
2.105902833641273730e+01
2.042823222999205512e+01
2.057034137442433774e+01
1.878674779705935904e+01
2.114022618221183336e+01
2.268202779557837090e+01
2.112681391431614841e+01
1.949207821955369369e+01
1.829068185530397628e+01
1.749009850084157591e+01
1.356644498622505246e+01
2.021410817926314252e+01
1.745296566693336260e+01
1.999504776343232848e+01
1.771802606315802109e+01
1.998299182880572289e+01
2.427185252066188781e+01
1.835940584056779556e+01
1.731510663849498854e+01
1.942987471544035216e+01
2.854030961370586539e+01
3.067709944269738997e+01
2.087410883198679912e+01
2.234806724075524187e+01
1.411220379680306536e+01
2.541703662149304677e+01
1.609888069527474386e+01
1.821121551851668841e+01
2.281649682299782711e+01
2.114691587640597703e+01
2.020816947090015958e+01
2.926759064127045562e+01
1.944823372409053519e+01
2.102837280861648495e+01
2.196136732135566660e+01
1.866334233638111328e+01
2.156110617568928589e+01
2.158649409849999046e+01
1.975078539476117712e+01
2.128709132129855064e+01
2.057134756138804477e+01
2.017147970156856474e+01
2.323169661479772685e+01
2.029646072233350296e+01
2.022754979874560632e+01
1.844752547896166206e+01
2.064967718180033529e+01
2.340343281112299678e+01
2.034405139605467383e+01
2.190379163821264541e+01
2.135340810722735583e+01
2.037402679230668312e+01
2.200718382202446222e+01
2.225478342888436956e+01
1.879241083265279499e+01
2.289180382828796212e+01
1.912519836611136270e+01
1.960921983145404468e+01
2.496665005556806705e+01
2.100862546675493903e+01
2.074879113010802101e+01
1.958422867176724225e+01
1.896063914080755453e+01
1.456700354521245089e+01
1.830705337944428379e+01
1.965380979098619108e+01
2.047500709723007972e+01
1.971336267530660535e+01
1.463375879152710013e+01
2.163093411689556333e+01
2.280979797624272010e+01
1.855952992348842656e+01
1.833175066168839606e+01
2.019412888388957228e+01
1.604109210397723828e+01
1.643582240461535449e+01
1.940320920439739183e+01
2.136095215380461454e+01
2.224129780199789153e+01
1.762628944391085284e+01
2.347586273542864177e+01
1.984843828221277917e+01
1.926230361421352910e+01
1.825655229901559551e+01
2.032045464381624100e+01
2.188129645267163070e+01
2.876641280001071266e+01
2.281276080979763776e+01
2.304476308060560186e+01
1.396681403348238959e+01
1.904278294920571923e+01
1.993999254653328634e+01
2.221677943356812435e+01
1.937142709711377364e+01
1.987971552390959218e+01
2.053347017054725399e+01
1.952978847520656558e+01
2.115632940640341531e+01
1.940337030317648725e+01
1.925835262318495822e+01
1.755126982453015216e+01
2.584966883750617583e+01
2.174594859080244191e+01
2.297872289358196696e+01
2.753915981638157007e+01
2.359198426359716905e+01
1.998813666678729106e+01
2.136013204881131244e+01
2.131032843665138543e+01
1.516618570809986366e+01
2.081656526405254937e+01
2.092778377199602602e+01
2.027445823503824585e+01
2.017995208508905591e+01
1.496470365249042267e+01
1.597524529337321830e+01
2.466480159898478419e+01
1.986239750288902428e+01
1.900485512929304122e+01
1.615585876238840513e+01
2.294801497696337123e+01
1.706843809436603010e+01
2.053979780046799064e+01
1.966418990557600210e+01
2.171545360662331348e+01
2.073482872055654624e+01
2.024267615810557430e+01
1.705250926033782832e+01
2.166448593324042449e+01
1.731954734405432816e+01
2.129861186628269465e+01
2.270594158338471757e+01
2.291166539794151191e+01
2.058654436100638563e+01
2.009593338664270590e+01
2.577778840215212952e+01
2.204376598343593940e+01
2.286296424559922968e+01
2.075339884204663576e+01
2.005005741704025368e+01
2.060799274765175326e+01
1.990253389251083860e+01
1.957879020824284311e+01
2.077318964125555567e+01
1.933328863766589834e+01
1.925695523766023243e+01
1.907623309916361265e+01
2.028912519766787170e+01
2.223069357812151736e+01
1.665213977479185203e+01
1.677581823912777281e+01
2.119735520036747189e+01
2.147697767022000548e+01
2.304603124244814083e+01
1.830158680066398347e+01
1.894699025850766105e+01
2.539616620905196953e+01
1.981554926018627327e+01
2.188478920674306138e+01
2.048492455277781232e+01
1.873836893005681503e+01
2.007200557549996134e+01
1.900587933766905380e+01
2.095839186348968752e+01
2.165637783128988048e+01
1.842806997607310748e+01
2.341885215310048807e+01
2.059319301495443000e+01
2.185449654086729865e+01
2.137689311228557898e+01
1.915845949411066584e+01
1.933053622543837591e+01
2.153060561684331375e+01
2.105872031813993672e+01
2.053251317974489609e+01
2.102410437184525449e+01
2.463844418091438726e+01
2.413209060938266859e+01
1.180039154736664919e+01
2.089839390764383964e+01
1.853240664307049101e+01
1.869290578401873049e+01
1.709926533602462939e+01
1.882190496205269525e+01
2.089341978118855891e+01
2.985557111973337285e+01
1.822218208655029059e+01
2.022399868139547507e+01
1.828553179291353104e+01
2.550233806954386750e+01
2.015814990309158361e+01
2.504282943976428655e+01
1.924944709810496946e+01
1.523373248561917848e+01
1.984005028695046491e+01
2.067566779735356519e+01
1.908632413939231753e+01
1.761059546984138890e+01
2.064187440584536759e+01
2.042599918970588035e+01
1.716222558550675359e+01
2.114022440754373378e+01
2.056594115011161250e+01
1.875034421601580803e+01
2.312550148425839680e+01
1.741721727124893704e+01
3.019518069976332697e+01
2.211922997195366136e+01
1.799114559260620894e+01
1.862333441036268766e+01
1.927144257989841947e+01
2.179278808091905262e+01
2.403294388538107640e+01
2.150197941037523819e+01
1.652101067055700057e+01
1.969758983737145996e+01
1.860129779519240500e+01
2.270246591125024693e+01
1.956656555921311380e+01
2.681524287793914851e+01
2.065859900372358027e+01
1.764709891239006723e+01
2.242159634961909020e+01
2.029956032585162617e+01
2.113336713342522089e+01
1.731714599582232594e+01
1.308905674805941644e+01
2.118766101928741463e+01
2.135636086582022486e+01
2.500887075023637962e+01
2.271720100421021016e+01
1.949914544619018386e+01
2.076578896657888151e+01
2.330604572616338288e+01
2.001856573939922512e+01
2.366802922835748646e+01
1.681738583788047237e+01
1.610269405388491748e+01
2.065019142696528576e+01
1.915661385141110884e+01
2.142965753045063693e+01
2.430626520886004016e+01
2.075764742767312043e+01
1.479709791263477747e+01
2.004966302230993591e+01
2.114490250219346024e+01
1.867770727887311111e+01
1.921960360897752196e+01
1.948568527672325246e+01
2.099613609858495522e+01
1.620293971612540673e+01
2.009600609880338240e+01
2.636232358501412421e+01
1.968484498123365611e+01
1.774558932469756201e+01
2.003917645898900801e+01
2.086924202485466395e+01
1.988846550082318387e+01
1.730347893621467392e+01
1.939251616548769164e+01
1.947478041407813620e+01
2.280223583337898674e+01
2.079695504267839468e+01
1.817638229014787044e+01
1.763067092473232123e+01
1.964806145164951090e+01
2.116700251790157949e+01
2.018957657498362224e+01
2.005682693528485316e+01
2.163757204270547874e+01
2.126529919147626302e+01
2.174482114258368171e+01
2.345612103385408886e+01
2.145004257061336261e+01
2.205520449772446767e+01
1.922738644590316426e+01
2.775809550824980931e+01
2.553424512415082859e+01
1.903817976962877978e+01
1.943022148204687838e+01
1.562952418304086954e+01
2.094399028886095593e+01
1.705353857044180543e+01
2.042487889329967743e+01
1.998338190788900093e+01
1.994732173950800913e+01
2.021852150492000888e+01
1.877748745577294542e+01
3.706983568016998731e+01
1.214839005266457050e+01
2.285243397090845363e+01
2.229635360014687961e+01
1.988275704009224043e+01
1.947867829807236006e+01
2.434793281092634132e+01
1.884555826983575244e+01
2.145424939276756859e+01
2.046216454653443861e+01
1.927542150084577699e+01
1.862059700352665459e+01
2.102804323336201264e+01
2.583335388635225272e+01
2.377171653110036686e+01
2.114789960033034433e+01
2.363004833952544104e+01
2.010637868113254711e+01
1.862131566404889682e+01
1.774901429884528170e+01
1.474378952235419682e+01
2.046958252540180112e+01
2.825998131726077389e+01
2.338624928744444276e+01
2.424006690016158316e+01
1.766147287511108388e+01
1.681281976148762780e+01
1.653773223101302747e+01
2.013265928834997354e+01
1.669551112681720184e+01
2.139064184297463456e+01
1.848657822144054563e+01
1.993830591354070947e+01
2.011540396678701725e+01
2.153989317332042930e+01
2.059087191226709379e+01
1.951526795914987034e+01
1.973811612690092332e+01
1.875070407215290658e+01
2.084780648478246690e+01
2.083600878908469411e+01
2.039312593409259833e+01
2.074859908116515328e+01
1.880633079657965112e+01
2.129282102799189857e+01
1.530906145211277902e+01
1.229325830108775008e+01
2.337482410007455513e+01
2.349989176599678586e+01
2.315267831473445170e+01
1.673861419707080955e+01
2.174615781598306796e+01
1.846253586487089393e+01
1.811895042301446423e+01
2.047454450934741033e+01
2.123998372052004413e+01
2.121391551410295406e+01
1.794069469204741907e+01
1.870198710893097171e+01
2.290856626365963677e+01
1.243770853420761213e+01
2.358503155285599107e+01
1.722025422096976399e+01
2.059172235159358877e+01
1.929665665474652059e+01
2.067161602549211707e+01
2.069455146835700887e+01
2.090499264472037666e+01
2.228488041155173249e+01
2.179920449350170841e+01
1.852176318761951634e+01
2.039706751896467196e+01
1.775844546180135097e+01
2.207370028407337514e+01
1.400341112068892713e+01
2.191243924537191035e+01
2.519644639063212566e+01
1.689254364525614704e+01
2.596145094581292412e+01
2.054565637703409564e+01
2.195938949036769117e+01
2.250807274037479999e+01
2.387592270359001034e+01
3.534089260285067979e+01
2.575748989399668787e+01
1.675843210418560147e+01
2.089485388424203904e+01
1.966485060753165826e+01
2.106073874704886606e+01
1.722259829325342650e+01
1.943880386490508982e+01
1.830090804439467433e+01
1.946030266943229137e+01
1.761180662577343981e+01
1.776526036330423963e+01
2.118237703904275548e+01
1.871802113426568326e+01
1.483971575971420087e+01
2.093681221034959350e+01
2.458597993641460633e+01
2.089155977884575321e+01
1.965768594199819930e+01
1.968736768123509151e+01
1.733342809626027758e+01
2.210575890586956049e+01
1.955953108533533324e+01
2.009475600784095306e+01
1.795280895987884762e+01
2.204574654058467686e+01
2.400796183948987306e+01
1.092744169257962206e+01
2.061498033851658818e+01
2.342502501857557817e+01
2.010669325512219174e+01
2.053006344072992206e+01
9.946507605680857012e+00
2.204873778343808866e+01
1.963599231160792868e+01
1.887714765206401779e+01
2.185299021400397379e+01
2.415742040034670879e+01
1.794197936633475976e+01
2.052026434468724858e+01
2.053435928927465781e+01
1.915185512607864027e+01
1.869532059188778561e+01
1.752729125309394931e+01
1.612365926695119711e+01
2.237913422554363407e+01
2.309287819018737764e+01
1.741325122308006712e+01
2.319987265642644303e+01
1.551386155448386006e+01
2.018939817790108648e+01
2.235358730391257609e+01
1.967474770694886388e+01
2.795202435326139678e+01
2.038489909833262814e+01
1.847894906362096989e+01
2.075830453669367870e+01
1.832376913137454366e+01
1.317689994417332322e+01
1.961182686780919227e+01
2.044320174710949090e+01
2.606320172451206929e+01
1.765784671561691255e+01
2.254401448078284886e+01
1.757183569214912922e+01
2.188949621203112272e+01
1.692142567543785603e+01
2.152878025734694134e+01
1.935999784656989675e+01
2.130261325073934486e+01
1.959763651757552338e+01
1.731710135831048447e+01
2.132517309571075614e+01
1.929147888995802518e+01
1.918463886741381685e+01
2.102113148313973312e+01
1.939250579527006479e+01
2.418827268662376895e+01
1.907197170934504271e+01
1.995055230092598109e+01
2.098935841588909668e+01
2.365295626018784603e+01
2.345325192264348857e+01
2.020146201711776612e+01
1.952232580957300101e+01
1.848553365058649334e+01
2.038515094787108239e+01
2.175818460306654600e+01
2.065479833744500127e+01
2.029309749498644777e+01
2.143856235258983745e+01
2.249158590950428760e+01
2.018927700289058080e+01
2.210249834419888160e+01
1.681707348202969143e+01
1.772932032249601875e+01
1.685144452464832199e+01
1.827005038762496980e+01
1.631485265572934651e+01
2.081921806300870514e+01
2.566043338090345571e+01
1.984831126516702682e+01
2.178934970051943765e+01
2.609086406127603652e+01
2.283925764818519255e+01
2.065403826737439630e+01
1.968688210872502964e+01
1.862567608511380257e+01
2.185874534675244263e+01
2.102108231853486231e+01
2.039228394357069263e+01
2.078804247897309310e+01
2.042948175233271613e+01
2.176892304070591777e+01
2.156289835184329107e+01
1.889353335867969008e+01
2.276365431954137009e+01
1.929311606503554088e+01
1.532897279006701652e+01
1.836445553049443191e+01
1.972800829924962684e+01
1.814720413841953572e+01
2.082804217979970574e+01
2.118838778927748834e+01
2.243730693933416021e+01
2.062174561871233891e+01
2.287123080660455443e+01
2.269254923770251864e+01
-5.317876092609839844e+00
2.056875716259541065e+01
2.213107601542712288e+01
2.059165404766037355e+01
2.162213957079245219e+01
1.766825165541572318e+01
1.991296335368199877e+01
2.107510475001926409e+01
1.625869295609726350e+01
2.148790674682460988e+01
1.668247754427311236e+01
2.424078862353436747e+01
1.540838343986341918e+01
1.919254765210099478e+01
1.904408456614947909e+01
1.849450212191447918e+01
2.033026380343950379e+01
1.777119179455039699e+01
2.130482657998826923e+01
1.965845284294318773e+01
1.488385367047022001e+01
2.013090434601032186e+01
2.044953895062712235e+01
1.978098001228999792e+01
2.012598503123355798e+01
2.127814522046825019e+01
1.736981226579136006e+01
1.640898542846928976e+01
1.727944208543057769e+01
1.918770013054638923e+01
1.926082448852286433e+01
1.998623887731515936e+01
2.100693991425274021e+01
2.106449918605316540e+01
2.149498804891305781e+01
2.282143959279976286e+01
1.937997505919265961e+01
1.712484991134034473e+01
2.085244390550628069e+01
2.040517516852953150e+01
2.415022506353874121e+01
2.051091931910448096e+01
1.948882261700981644e+01
2.105032770583487434e+01
1.733113529132817021e+01
1.889867105940826164e+01
2.112835446714036536e+01
2.124656402694856538e+01
2.031200941171958263e+01
1.840971902505041058e+01
2.175242646531751944e+01
1.753951940456962433e+01
2.275289941556046358e+01
1.972217949134764226e+01
2.039688536314720224e+01
2.058452233541881071e+01
2.228729028774798948e+01
2.000552221893924099e+01
2.280057246804489068e+01
1.988033362507063373e+01
1.365620979375869481e+01
1.917263033919721593e+01
1.796854494447874373e+01
2.036509368124249519e+01
2.192784180962216212e+01
1.889765393090481282e+01
2.192712296667456329e+01
2.427394698441960941e+01
2.145927941114814885e+01
2.306700051746689795e+01
1.894942978288021962e+01
1.391581713350354832e+01
2.022323994751850762e+01
2.141276314849421780e+01
2.187548175339074419e+01
1.512681578102271551e+01
1.975067405110566909e+01
1.971339441594296815e+01
1.896371093544649256e+01
1.163398315499354041e+01
1.734263202117207214e+01
1.908803412914518205e+01
2.523912177893648234e+01
2.098351282509360871e+01
1.541615999667004999e+01
1.872680910661646081e+01
2.622505076189283102e+01
1.918605050590697658e+01
1.976590326992726077e+01
2.451225475960405475e+01
2.343830080857971154e+01
1.717158107900073105e+01
1.794516435100420892e+01
2.159941491356585175e+01
2.136228485999556170e+01
2.021781371914440939e+01
2.039671049580404727e+01
1.678230268920700041e+01
2.042052649105683670e+01
2.234826957015634008e+01
1.888546563125601452e+01
2.418348987275210149e+01
1.684343059225968986e+01
1.849719681306144636e+01
2.162817867072891787e+01
2.169615244321184733e+01
1.564181318009400457e+01
1.876819031450409270e+01
1.968335145651856166e+01
1.364611113746495974e+01
9.252865711056751152e+00
1.976293123795684892e+01
2.064782938906501641e+01
2.015055508979864385e+01
2.148123138838150936e+01
2.005603442343551990e+01
1.964397108215507259e+01
1.991309991985604100e+01
2.807395435548843210e+01
2.009376981511269022e+01
2.121181459345647013e+01
2.154857014997963560e+01
2.093623691107540097e+01
1.988910081112326722e+01
2.227071732337815391e+01
1.966780698935426841e+01
2.054211428295989350e+01
1.982684791688184234e+01
1.889823156267226167e+01
1.803268397524846378e+01
1.977398128843908509e+01
1.785726184653450588e+01
1.870692989862747169e+01
1.966879390026377905e+01
2.292249317317478585e+01
2.786525837940464001e+01
1.925541747409775795e+01
2.012728171038923364e+01
1.735725786668702497e+01
2.084512938627720402e+01
2.317735741267654959e+01
2.170587350296318618e+01
1.996315536139953295e+01
2.262050349133183147e+01
1.829625695972379518e+01
9.334835590104246350e+00
2.108349088498295032e+01
1.674655288749188031e+01
1.900941948989838792e+01
2.535159165737526976e+01
2.193815057630762055e+01
1.533690904327858817e+01
2.165729998586316540e+01
2.347963737524236549e+01
1.857901351878503249e+01
2.381614136166207274e+01
2.081253885325898878e+01
1.747475442436644499e+01
1.615985061677690737e+01
2.362543193944634012e+01
1.978465844776783555e+01
1.832076975362373972e+01
1.995849751053858867e+01
2.264586525307279885e+01
2.013915740539640709e+01
2.207602109451257633e+01
1.693375440285108624e+01
1.883321913829289684e+01
1.967279203504739016e+01
1.927975903726902018e+01
2.136962252101123738e+01
2.238391407899773355e+01
2.028080389973108666e+01
2.764262109367639653e+01
1.974899194056940388e+01
1.936364854011575432e+01
2.351158490091748376e+01
2.670086493554465079e+01
2.072056648775936694e+01
1.991452197671953073e+01
1.968233200625045143e+01
2.129083009170196306e+01
2.176493926331035667e+01
1.936190882996493556e+01
2.018975275938003122e+01
2.294805303789645023e+01
1.966889634220346750e+01
2.057572916824564047e+01
6.650247999345127781e+00
2.235412262465079181e+01
1.382097346975163354e+01
1.680069772486269741e+01
2.010756451313023518e+01
1.604726222140631364e+01
1.949123727062245592e+01
2.137727800867132544e+01
1.918565992668121822e+01
2.079872908717633706e+01
1.675431802926027203e+01
1.846800503244329406e+01
2.145815999898786686e+01
2.198474217327703073e+01
2.008672341001684458e+01
2.513843469547207832e+01
2.041890572760354416e+01
2.076326984063543790e+01
2.174340014706256952e+01
2.184072684698937650e+01
1.755878537814962925e+01
1.385256559964155443e+01
1.940118696251656871e+01
1.763072919727494536e+01
1.821831124763971488e+01
2.197877162647267468e+01
2.036953554996075155e+01
2.431020952340396235e+01
2.342766084357009149e+01
2.241189814600290475e+01
2.145370397291081233e+01
1.586678619719916838e+01
2.012030183497778779e+01
2.044693573464936520e+01
2.344195618578357809e+01
1.949731334401949923e+01
1.667842506223479759e+01
2.154993814663487939e+01
1.985209658668915367e+01
1.863551495882690290e+01
1.829973024173450469e+01
1.987863144703784002e+01
2.040600762054586781e+01
1.711215575043354420e+01
2.365107021519895625e+01
1.925834972449638727e+01
1.745210189460387795e+01
2.160809246557536056e+01
2.076476939169708302e+01
1.286198421295841676e+01
2.470718777214242579e+01
2.229056219477517686e+01
2.217340509291742379e+01
1.701532702397829411e+01
2.187705698254249853e+01
2.001498660946961650e+01
2.067077485495985911e+01
1.849381625240402727e+01
2.316876218119402608e+01
1.905970038253181542e+01
1.936988305691768630e+01
1.920196876288571275e+01
1.781448021702005491e+01
2.196300033074984270e+01
1.890383222934663365e+01
1.861665739622853977e+01
3.233494535485711907e+01
2.127680078304272371e+01
1.976442530945762854e+01
1.989216412415713719e+01
2.163283192003049393e+01
2.443320744805152600e+01
1.936172402941698678e+01
1.939028778024155031e+01
2.275666381596682086e+01
1.860483354469927875e+01
1.792864675605378011e+01
1.792801045066619992e+01
1.921884267825791781e+01
1.561129608065402863e+01
1.924865700487585940e+01
2.142561533843377219e+01
2.217246983306362651e+01
2.018973312618801685e+01
1.595586526106841774e+01
2.155035654274738732e+01
2.172599665113246914e+01
1.552461436451971366e+01
2.042192759318525930e+01
1.968296080186159358e+01
1.939986793281067179e+01
1.663283393726595705e+01
2.616423919952034538e+01
1.818398374272872076e+01
1.963903920601826414e+01
1.965598589656777406e+01
1.907914717583069475e+01
2.404289081443089060e+01
2.158628599431568418e+01
2.140467850164446162e+01
1.963929005126431449e+01
2.006065236541999752e+01
1.882916677584605836e+01
1.796857169563514489e+01
1.955911662320017541e+01
2.227376216429176736e+01
1.975526362068986330e+01
2.395749478681399935e+01
1.878339643487274557e+01
2.076064371463643710e+01
2.040634405833426612e+01
1.958389804198155915e+01
2.098191647411870520e+01
2.023897019912216777e+01
1.665575802458860721e+01
1.952040892414956019e+01
1.862441504972354878e+01
1.947968636365106931e+01
1.957385421297304617e+01
2.000988897996906957e+01
2.143088843731740667e+01
2.064002710873589308e+01
1.979843152943204387e+01
2.207619138880955134e+01
2.096958336037256743e+01
2.120345850349702133e+01
1.761674515376236627e+01
2.304644276269226566e+01
2.215586804692313905e+01
2.082815163400494640e+01
1.569124656020462538e+01
2.249933253211017004e+01
1.903279596880296864e+01
1.922404773525449428e+01
1.998628995737063363e+01
2.069971071522588701e+01
1.866245274616210281e+01
1.968872310395660463e+01
2.217046181262996640e+01
2.423196480859128243e+01
1.820698166716508126e+01
1.894896704303647894e+01
2.204016519499816340e+01
1.714410757195456014e+01
2.159105299583131199e+01
2.256563573355394325e+01
2.121312901941877982e+01
1.740269494600180877e+01
2.001482399773333398e+01
2.095904661949988323e+01
2.313469289694416631e+01
1.853385096996032289e+01
2.155291339909071979e+01
1.949969770936414548e+01
2.181202526567738431e+01
1.970218393820088210e+01
2.284929141574427192e+01
2.040164969987874954e+01
1.665690776081499536e+01
1.674608694821218791e+01
1.586364784851970988e+01
2.084617662863191612e+01
2.294388725420740727e+01
2.097695693807975559e+01
2.131245478775434776e+01
2.256617207439079564e+01
1.976483571262962258e+01
2.025415351198902414e+01
1.810473167270837180e+01
2.061381665165900401e+01
2.003396649748449931e+01
1.865653329729001797e+01
2.071811415068831153e+01
2.000674985502998382e+01
5.718319053626233384e+00
1.534473554718371702e+01
2.192313128307832670e+01
1.993699292849934324e+01
1.466357016139751934e+01
2.198521228129251881e+01
2.262560292669360251e+01
2.508524709872401104e+01
2.012891698202395929e+01
1.477581876400211414e+01
2.310685901105980378e+01
2.195663881126658268e+01
1.348974850957847238e+01
1.985973959490431895e+01
2.236040258639084755e+01
1.858435706692484501e+01
2.140211399749271948e+01
2.154813765509356216e+01
1.913765290564200683e+01
2.285175359150057517e+01
1.947462400772957736e+01
1.951383414948833916e+01
2.029261001802841236e+01
1.903726437804919058e+01
2.141091472003468255e+01
1.970861403107866394e+01
2.018594619146347213e+01
2.710016641796682180e+01
1.712731265026037875e+01
1.889007439025693813e+01
2.302224034679390030e+01
1.781363823629370913e+01
2.163472859857795072e+01
1.812086141380747861e+01
2.108036173535460733e+01
2.097660537511174539e+01
1.975890592387801092e+01
2.011611919265056514e+01
1.317489902019801562e+01
2.354051199893729063e+01
1.956246317746344943e+01
2.077499634625054625e+01
2.191049463145818876e+01
2.006007267995480348e+01
1.727072335018298688e+01
2.179335053911761477e+01
1.513711005669104992e+01
2.346825294694336606e+01
2.124781045203962293e+01
2.185107593125096770e+01
2.000926375816048974e+01
1.883012921695330277e+01
1.722472521981795168e+01
1.930682945905398995e+01
1.935153013455177984e+01
1.958757029566556795e+01
2.204456102288045471e+01
1.584192893749585096e+01
2.350144187548097818e+01
1.918680318009559471e+01
1.952083256722002957e+01
1.350756361621393253e+01
1.795483127097478260e+01
1.949879713284861893e+01
2.033510062701781607e+01
1.873901760045898968e+01
2.136367913647391603e+01
2.131189355055213142e+01
1.676727679472723764e+01
1.903415293207859449e+01
2.432232257009910725e+01
1.891355982094686894e+01
1.785585470479559334e+01
2.420903122982654665e+01
2.038952326461605935e+01
1.164581534965646448e+01
2.342637711598313999e+01
1.435691876874341766e+01
2.233607873282674561e+01
2.162221591599668002e+01
1.928708209145381858e+01
2.393598494564385604e+01
1.733783361436815085e+01
1.811081674746633041e+01
2.228691349008685307e+01
2.152751360407036785e+01
1.944746495108168105e+01
2.071393941337565536e+01
1.485272529661830987e+01
2.007774379685601929e+01
2.071946493132373490e+01
1.650302716604709019e+01
2.013844180254658411e+01
1.792382994653257100e+01
2.462335983191619704e+01
1.509066650581253199e+01
2.319391184711862053e+01
2.172207121243385686e+01
2.228470282411272052e+01
1.615973945992167771e+01
1.890345087653168932e+01
2.293878021871673667e+01
1.215259416840924800e+01
1.873824557825635040e+01
2.021424820821122381e+01
1.740517548842824880e+01
1.947143227174804636e+01
1.938939280609148597e+01
1.996672410681156506e+01
2.088902352431849962e+01
1.949490610940780044e+01
1.979990289541172643e+01
2.083559427969322897e+01
1.318026593948838965e+01
2.117027508113334022e+01
1.296190054598882391e+01
1.764336804345782284e+01
2.006839756816777864e+01
2.195258653898158485e+01
1.471787520596669019e+01
1.936684950017737705e+01
2.012101994979343900e+01
2.063112102280800286e+01
2.101846818684205687e+01
1.601288929809187067e+01
2.387526939794612701e+01
1.971514692762628940e+01
1.820763238189034894e+01
2.642102787242292905e+01
1.873204335138962406e+01
2.044937511233137073e+01
1.992253215595486182e+01
1.791276658343302586e+01
1.999415327972804235e+01
2.126933968440155809e+01
2.126497159008281201e+01
1.529710302816556577e+01
1.434712772519329604e+01
2.330593367246069647e+01
2.535544354246992782e+01
2.051658408204347239e+01
2.224978990254542666e+01
1.742928087068900211e+01
2.013073771412059187e+01
1.542812776534609398e+01
1.678306562128687673e+01
1.762535432327852192e+01
1.747373478580887962e+01
2.037275490665592415e+01
1.972380562062716081e+01
1.790805742005698775e+01
1.750500720122247245e+01
2.135407799570819520e+01
2.068782911404095870e+01
1.904228778676029066e+01
2.228940779860141674e+01
2.471779646210352155e+01
2.259208675725050597e+01
1.641850481186657262e+01
2.133845145779934782e+01
2.024326803559670296e+01
2.030418592163672997e+01
1.954440592995783987e+01
1.697325735352333709e+01
2.432661606920775554e+01
2.587656932189473480e+01
1.403958790124398348e+01
1.928609147285879644e+01
2.138070977223813074e+01
1.994364958600376880e+01
1.944029630974742417e+01
1.786480024907612218e+01
2.035707318756599804e+01
1.928705741944189356e+01
1.447102526698865077e+01
1.724149800672286048e+01
1.945410347513591631e+01
2.029655801481387556e+01
2.086514477431512660e+01
2.742366898457511937e+01
2.096627793568880804e+01
1.941206289646994065e+01
2.482369858364327797e+01
2.096107974205040492e+01
1.541402686099970154e+01
2.251228833801911833e+01
2.135453985913725106e+01
2.243785813876831980e+01
2.510132311811335626e+01
2.043238226932309232e+01
1.866811031987525027e+01
2.110014630004667779e+01
1.726627016424895444e+01
2.176588735352097714e+01
2.217460577104207431e+01
1.913464225335558666e+01
2.180531698523764916e+01
2.286021338046340645e+01
1.886225631775910117e+01
1.944008455165467808e+01
2.017301735240184257e+01
2.045190992844753453e+01
