1.271000000000000000e+03
1.246000000000000000e+03
1.186000000000000000e+03
1.206000000000000000e+03
1.235000000000000000e+03
1.213000000000000000e+03
1.268000000000000000e+03
1.213000000000000000e+03
1.292000000000000000e+03
1.260000000000000000e+03
1.268000000000000000e+03
1.215000000000000000e+03
1.244000000000000000e+03
1.237000000000000000e+03
1.247000000000000000e+03
1.223000000000000000e+03
1.245000000000000000e+03
1.214000000000000000e+03
1.245000000000000000e+03
1.207000000000000000e+03
1.156000000000000000e+03
1.232000000000000000e+03
1.216000000000000000e+03
1.292000000000000000e+03
1.257000000000000000e+03
1.243000000000000000e+03
1.283000000000000000e+03
1.229000000000000000e+03
1.226000000000000000e+03
1.209000000000000000e+03
1.286000000000000000e+03
1.241000000000000000e+03
1.252000000000000000e+03
1.189000000000000000e+03
1.191000000000000000e+03
1.218000000000000000e+03
1.291000000000000000e+03
1.199000000000000000e+03
1.213000000000000000e+03
1.282000000000000000e+03
1.272000000000000000e+03
1.225000000000000000e+03
1.200000000000000000e+03
1.195000000000000000e+03
1.225000000000000000e+03
1.266000000000000000e+03
1.220000000000000000e+03
1.253000000000000000e+03
1.218000000000000000e+03
1.225000000000000000e+03
